           1           0           4           6          14         102
           2          23          14         120        1414           9
           3           0           0         498           0          51
           4           6           0           0           0           0
           5           8           0           0           0           0
           6          64           0           0           0           0
           7         384           0           0           0           0
           8          48           0           0           0           0
           9          50           0           0           0           0
          10          38           0           0           0           0
          11          27           0           0           0           0
          12          15           0           0           0           0
          13           3           0           0           0           0
          14         113           0           0           0           0
          15           0           0           0           0           0
          16           0           0           0           0           0
          17           0           0           0           0           0
          18           5           0           0           0           0
          19           1           0           0           0           0
          20           0           0           0           0           0
          21           1           0           0           0           0
          22           0           0           0           0           0
          23           0           0           0           0           0
          24           0           0           0           0           0
          25           0           0           0           0           0
