           1           0           4           0          14          41
           2          11          14          61        1414          10
           3           0           0         191           0          11
           4           0           0           0           0           0
           5           7           0           0           0           0
           6          18           0           0           0           0
           7         153           0           0           0           0
           8          15           0           0           0           0
           9          21           0           0           0           0
          10           8           0           0           0           0
          11           5           0           0           0           0
          12          10           0           0           0           0
          13           5           0           0           0           0
          14          45           0           0           0           0
          15           0           0           0           0           0
          16           8           0           0           0           0
          17           4           0           0           0           0
          18           0           0           0           0           0
          19           0           0           0           0           0
          20           3           0           0           0           0
          21           1           0           0           0           0
          22           0           0           0           0           0
          23           0           0           0           0           0
          24           0           0           0           0           0
          25           0           0           0           0           0
