           1           0           4           3          14         104
           2          46          14         136        1414          16
           3           1           0         687           0          92
           4           2           0           0           0           0
           5          32           0           0           0           0
           6         137           0           0           0           0
           7         392           0           0           0           0
           8          32           0           0           0           0
           9         120           0           0           0           0
          10          39           0           0           0           0
          11          23           0           0           0           0
          12          42           0           0           0           0
          13          36           0           0           0           0
          14          90           0           0           0           0
          15           0           0           0           0           0
          16          22           0           0           0           0
          17           0           0           0           0           0
          18          17           0           0           0           0
          19           0           0           0           0           0
          20           0           0           0           0           0
          21           0           0           0           0           0
          22           0           0           0           0           0
          23           0           0           0           0           0
          24           0           0           0           0           0
          25           0           0           0           0           0
