           1           0           4           1          14          22
           2           8          14          40        1414           9
           3           0           0         139           0          17
           4           1           0           0           0           0
           5           6           0           0           0           0
           6          23           0           0           0           0
           7          88           0           0           0           0
           8          19           0           0           0           0
           9          14           0           0           0           0
          10           8           0           0           0           0
          11           5           0           0           0           0
          12          12           0           0           0           0
          13           4           0           0           0           0
          14          24           0           0           0           0
          15           1           0           0           0           0
          16           9           0           0           0           0
          17           3           0           0           0           0
          18           0           0           0           0           0
          19           3           0           0           0           0
          20           0           0           0           0           0
          21           0           0           0           0           0
          22           0           0           0           0           0
          23           0           0           0           0           0
          24           0           0           0           0           0
          25           0           0           0           0           0
